  0   0   0   0   0   0   0   0   0   0   0   0   0   0   0   0
  0 255 255 255   0   0   0 255 255   0   0   0   0   0   0   0
  0 255 255 255   0   0   0 255 255   0   0   0   0   0   0   0
  0 255 255 255   0   0   0 255 255   0   0   0   0   0   0   0
  0 255 255 255   0   0   0 255 255   0   0   0   0   0   0   0
  0 255 255 255   0   0   0 255 255   0   0   0   0   0   0   0
  0 255 255 255   0   0   0 255 255   0   0   0   0   0   0   0
  0   0   0   0 255 255 255   0   0 255 255 255 255 255 255   0
  0   0   0   0 255 255 255   0   0 255 255 255 255 255 255   0
  0   0   0   0   0   0   0 255 255 255 255 255   0   0   0   0
  0   0   0   0   0   0   0 255 255 255 255 255   0   0   0   0
  0   0   0   0   0   0   0 255 255 255 255 255   0   0   0   0
  0   0   0   0   0   0   0 255 255 255 255 255   0   0   0   0
  0   0   0   0   0   0   0 255 255 255 255 255   0   0   0   0
  0   0   0   0   0   0   0 255 255 255 255 255   0   0   0   0
  0   0   0   0   0   0   0   0   0   0   0   0   0   0   0   0
  0   0   0   0   0   0   0   0   0   0   0   0   0   0   0   0
  0 255 255 255   0   0   0 255 255   0   0   0   0   0   0   0
  0 255 255 255   0   0   0 255 255   0   0   0   0   0   0   0
  0 255 255 255   0   0   0 255 255   0   0   0   0   0   0   0
  0 255 255 255   0   0   0 255 255   0   0   0   0   0   0   0
  0 255 255 255   0   0   0 255 255   0   0   0   0   0   0   0
  0 255 255 255   0   0   0 255 255   0   0   0   0   0   0   0
  0   0   0   0 255 255 255   0   0 255 255 255 255 255 255   0
  0   0   0   0 255 255 255   0   0 255 255 255 255 255 255   0
  0   0   0   0   0   0   0 255 255 255 255 255   0   0   0   0
  0   0   0   0   0   0   0 255 255 255 255 255   0   0   0   0
  0   0   0   0   0   0   0 255 255 255 255 255   0   0   0   0
  0   0   0   0   0   0   0 255 255 255 255 255   0   0   0   0
  0   0   0   0   0   0   0 255 255 255 255 255   0   0   0   0
  0   0   0   0   0   0   0 255 255 255 255 255   0   0   0   0
  0   0   0   0   0   0   0   0   0   0   0   0   0   0   0   0
  0   0   0   0   0   0   0   0   0   0   0   0   0   0   0   0
  0 255 255 255   0   0   0 255 255   0   0   0   0   0   0   0
  0 255 255 255   0   0   0 255 255   0   0   0   0   0   0   0
  0 255 255 255   0   0   0 255 255   0   0   0   0   0   0   0
  0 255 255 255   0   0   0 255 255   0   0   0   0   0   0   0
  0 255 255 255   0   0   0 255 255   0   0   0   0   0   0   0
  0 255 255 255   0   0   0 255 255   0   0   0   0   0   0   0
  0   0   0   0 255 255 255   0   0 255 255 255 255 255 255   0
  0   0   0   0 255 255 255   0   0 255 255 255 255 255 255   0
  0   0   0   0   0   0   0 255 255 255 255 255   0   0   0   0
  0   0   0   0   0   0   0 255 255 255 255 255   0   0   0   0
  0   0   0   0   0   0   0 255 255 255 255 255   0   0   0   0
  0   0   0   0   0   0   0 255 255 255 255 255   0   0   0   0
  0   0   0   0   0   0   0 255 255 255 255 255   0   0   0   0
  0   0   0   0   0   0   0 255 255 255 255 255   0   0   0   0
  0   0   0   0   0   0   0   0   0   0   0   0   0   0   0   0

  0   0   0   0   0   0  10  23  23  10   0   0   0   0   0   0
  0   0   0   0   0   2  81 183 183  81   2   0   0   0   0   0
  0   0   0   0   0   3 107 238 238 107   3   0   0   0   0   0
  0   0   0   0   0   3 107 239 243 144  67  65  65  64  49   6
  0   0   0   0   0   3 107 239 253 234 220 219 219 219 167  21
  0   2   3   3   3   6 107 236 252 254 255 255 255 254 194  25
 10  81 107 107 107 107 123 145 154 210 254 255 255 254 194  25
 23 183 238 239 239 236 145  29  30 154 252 255 255 254 194  25
 23 183 238 239 239 236 145  29  29 145 236 239 239 238 183  23
 10  81 107 107 107 107 123 145 145 123 107 107 107 107  81  10
  0   2   3   3   3   6 107 236 236 107   6   3   3   3   2   0
  3  27  35  35  35  37 112 208 205  92   3   0   0   0   0   0
 18 144 189 189 189 188 137  72  60  27   1   0   0   0   0   0
 25 194 253 254 254 251 147  15   0   0   0   0   0   0   0   0
 19 148 194 194 194 192 112  12   0   0   0   0   0   0   0   0
  2  19  25  25  25  25  14   2   0   0   0   0   0   0   0   0
  0   0   0   0   0   0  10  23  23  10   0   0   0   0   0   0
  0   0   0   0   0   2  81 183 183  81   2   0   0   0   0   0
  0   0   0   0   0   3 107 238 238 107   3   0   0   0   0   0
  0   0   0   0   0   3 107 239 243 144  67  65  65  64  49   6
  0   0   0   0   0   3 107 239 253 234 220 219 219 219 167  21
  0   2   3   3   3   6 107 236 252 254 255 255 255 254 194  25
 10  81 107 107 107 107 123 145 154 210 254 255 255 254 194  25
 23 183 238 239 239 236 145  29  30 154 252 255 255 254 194  25
 23 183 238 239 239 236 145  29  29 145 236 239 239 238 183  23
 10  81 107 107 107 107 123 145 145 123 107 107 107 107  81  10
  0   2   3   3   3   6 107 236 236 107   6   3   3   3   2   0
  3  27  35  35  35  37 112 208 205  92   3   0   0   0   0   0
 18 144 189 189 189 188 137  72  60  27   1   0   0   0   0   0
 25 194 253 254 254 251 147  15   0   0   0   0   0   0   0   0
 19 148 194 194 194 192 112  12   0   0   0   0   0   0   0   0
  2  19  25  25  25  25  14   2   0   0   0   0   0   0   0   0
  0   0   0   0   0   0  10  23  23  10   0   0   0   0   0   0
  0   0   0   0   0   2  81 183 183  81   2   0   0   0   0   0
  0   0   0   0   0   3 107 238 238 107   3   0   0   0   0   0
  0   0   0   0   0   3 107 239 243 144  67  65  65  64  49   6
  0   0   0   0   0   3 107 239 253 234 220 219 219 219 167  21
  0   2   3   3   3   6 107 236 252 254 255 255 255 254 194  25
 10  81 107 107 107 107 123 145 154 210 254 255 255 254 194  25
 23 183 238 239 239 236 145  29  30 154 252 255 255 254 194  25
 23 183 238 239 239 236 145  29  29 145 236 239 239 238 183  23
 10  81 107 107 107 107 123 145 145 123 107 107 107 107  81  10
  0   2   3   3   3   6 107 236 236 107   6   3   3   3   2   0
  3  27  35  35  35  37 112 208 205  92   3   0   0   0   0   0
 18 144 189 189 189 188 137  72  60  27   1   0   0   0   0   0
 25 194 253 254 254 251 147  15   0   0   0   0   0   0   0   0
 19 148 194 194 194 192 112  12   0   0   0   0   0   0   0   0
  2  19  25  25  25  25  14   2   0   0   0   0   0   0   0   0

  0   0   0   6  21  25  25  25  23  10   0   0   0   0   0   0
  0   0   0  49 167 194 194 194 183  81   2   0   0   0   0   0
  0   0   0  64 219 254 254 254 238 107   3   0   0   0   0   0
  0   0   0  65 219 255 255 255 239 107   3   0   0   0   0   0
  0   0   0  65 219 255 255 255 239 107   3   0   0   0   0   0
  0   2   3  67 220 255 254 252 236 107   6   3   1   0   0   0
 10  81 107 144 234 254 210 154 145 123 107  92  27   0   0   0
 23 183 238 243 253 252 154  30  29 145 236 205  60   0   0   0
 23 183 238 239 239 236 145  29  29 145 236 208  72  15  12   2
 10  81 107 107 107 107 123 145 145 123 107 112 137 147 112  14
  0   2   3   3   3   6 107 236 236 107   6  37 188 251 192  25
  0   0   0   0   0   3 107 239 239 107   3  35 189 254 194  25
  0   0   0   0   0   3 107 239 239 107   3  35 189 254 194  25
  0   0   0   0   0   3 107 238 238 107   3  35 189 253 194  25
  0   0   0   0   0   2  81 183 183  81   2  27 144 194 148  19
  0   0   0   0   0   0  10  23  23  10   0   3  18  25  19   2
  0   0   0   6  21  25  25  25  23  10   0   0   0   0   0   0
  0   0   0  49 167 194 194 194 183  81   2   0   0   0   0   0
  0   0   0  64 219 254 254 254 238 107   3   0   0   0   0   0
  0   0   0  65 219 255 255 255 239 107   3   0   0   0   0   0
  0   0   0  65 219 255 255 255 239 107   3   0   0   0   0   0
  0   2   3  67 220 255 254 252 236 107   6   3   1   0   0   0
 10  81 107 144 234 254 210 154 145 123 107  92  27   0   0   0
 23 183 238 243 253 252 154  30  29 145 236 205  60   0   0   0
 23 183 238 239 239 236 145  29  29 145 236 208  72  15  12   2
 10  81 107 107 107 107 123 145 145 123 107 112 137 147 112  14
  0   2   3   3   3   6 107 236 236 107   6  37 188 251 192  25
  0   0   0   0   0   3 107 239 239 107   3  35 189 254 194  25
  0   0   0   0   0   3 107 239 239 107   3  35 189 254 194  25
  0   0   0   0   0   3 107 238 238 107   3  35 189 253 194  25
  0   0   0   0   0   2  81 183 183  81   2  27 144 194 148  19
  0   0   0   0   0   0  10  23  23  10   0   3  18  25  19   2
  0   0   0   6  21  25  25  25  23  10   0   0   0   0   0   0
  0   0   0  49 167 194 194 194 183  81   2   0   0   0   0   0
  0   0   0  64 219 254 254 254 238 107   3   0   0   0   0   0
  0   0   0  65 219 255 255 255 239 107   3   0   0   0   0   0
  0   0   0  65 219 255 255 255 239 107   3   0   0   0   0   0
  0   2   3  67 220 255 254 252 236 107   6   3   1   0   0   0
 10  81 107 144 234 254 210 154 145 123 107  92  27   0   0   0
 23 183 238 243 253 252 154  30  29 145 236 205  60   0   0   0
 23 183 238 239 239 236 145  29  29 145 236 208  72  15  12   2
 10  81 107 107 107 107 123 145 145 123 107 112 137 147 112  14
  0   2   3   3   3   6 107 236 236 107   6  37 188 251 192  25
  0   0   0   0   0   3 107 239 239 107   3  35 189 254 194  25
  0   0   0   0   0   3 107 239 239 107   3  35 189 254 194  25
  0   0   0   0   0   3 107 238 238 107   3  35 189 253 194  25
  0   0   0   0   0   2  81 183 183  81   2  27 144 194 148  19
  0   0   0   0   0   0  10  23  23  10   0   3  18  25  19   2

  0   0   0   0   0   0   0   0   2  14  25  25  25  25  19   2
  0   0   0   0   0   0   0   0  12 112 192 194 194 194 148  19
  0   0   0   0   0   0   0   0  15 147 251 254 254 253 194  25
  0   0   0   0   0   1  27  60  72 137 188 189 189 189 144  18
  0   0   0   0   0   3  92 205 208 112  37  35  35  35  27   3
  0   2   3   3   3   6 107 236 236 107   6   3   3   3   2   0
 10  81 107 107 107 107 123 145 145 123 107 107 107 107  81  10
 23 183 238 239 239 236 145  29  29 145 236 239 239 238 183  23
 25 194 254 255 255 252 154  30  29 145 236 239 239 238 183  23
 25 194 254 255 255 254 210 154 145 123 107 107 107 107  81  10
 25 194 254 255 255 255 254 252 236 107   6   3   3   3   2   0
 21 167 219 219 219 220 234 253 239 107   3   0   0   0   0   0
  6  49  64  65  65  67 144 243 239 107   3   0   0   0   0   0
  0   0   0   0   0   3 107 238 238 107   3   0   0   0   0   0
  0   0   0   0   0   2  81 183 183  81   2   0   0   0   0   0
  0   0   0   0   0   0  10  23  23  10   0   0   0   0   0   0
  0   0   0   0   0   0   0   0   2  14  25  25  25  25  19   2
  0   0   0   0   0   0   0   0  12 112 192 194 194 194 148  19
  0   0   0   0   0   0   0   0  15 147 251 254 254 253 194  25
  0   0   0   0   0   1  27  60  72 137 188 189 189 189 144  18
  0   0   0   0   0   3  92 205 208 112  37  35  35  35  27   3
  0   2   3   3   3   6 107 236 236 107   6   3   3   3   2   0
 10  81 107 107 107 107 123 145 145 123 107 107 107 107  81  10
 23 183 238 239 239 236 145  29  29 145 236 239 239 238 183  23
 25 194 254 255 255 252 154  30  29 145 236 239 239 238 183  23
 25 194 254 255 255 254 210 154 145 123 107 107 107 107  81  10
 25 194 254 255 255 255 254 252 236 107   6   3   3   3   2   0
 21 167 219 219 219 220 234 253 239 107   3   0   0   0   0   0
  6  49  64  65  65  67 144 243 239 107   3   0   0   0   0   0
  0   0   0   0   0   3 107 238 238 107   3   0   0   0   0   0
  0   0   0   0   0   2  81 183 183  81   2   0   0   0   0   0
  0   0   0   0   0   0  10  23  23  10   0   0   0   0   0   0
  0   0   0   0   0   0   0   0   2  14  25  25  25  25  19   2
  0   0   0   0   0   0   0   0  12 112 192 194 194 194 148  19
  0   0   0   0   0   0   0   0  15 147 251 254 254 253 194  25
  0   0   0   0   0   1  27  60  72 137 188 189 189 189 144  18
  0   0   0   0   0   3  92 205 208 112  37  35  35  35  27   3
  0   2   3   3   3   6 107 236 236 107   6   3   3   3   2   0
 10  81 107 107 107 107 123 145 145 123 107 107 107 107  81  10
 23 183 238 239 239 236 145  29  29 145 236 239 239 238 183  23
 25 194 254 255 255 252 154  30  29 145 236 239 239 238 183  23
 25 194 254 255 255 254 210 154 145 123 107 107 107 107  81  10
 25 194 254 255 255 255 254 252 236 107   6   3   3   3   2   0
 21 167 219 219 219 220 234 253 239 107   3   0   0   0   0   0
  6  49  64  65  65  67 144 243 239 107   3   0   0   0   0   0
  0   0   0   0   0   3 107 238 238 107   3   0   0   0   0   0
  0   0   0   0   0   2  81 183 183  81   2   0   0   0   0   0
  0   0   0   0   0   0  10  23  23  10   0   0   0   0   0   0
